0.000010 0.000010 0.589906 0.410074
0.000010 0.000010 0.000010 0.999970
0.000010 0.000010 0.999970 0.000010
0.114179 0.885801 0.000010 0.000010
0.224483 0.133309 0.253732 0.388477
0.220914 0.087769 0.305748 0.385570
0.001742 0.000010 0.000010 0.998238
0.000010 0.000010 0.000010 0.999970
0.449162 0.422292 0.128537 0.000010
0.999970 0.000010 0.000010 0.000010
0.030148 0.000010 0.000010 0.969832
0.281013 0.054032 0.417001 0.247954
0.239383 0.201165 0.356848 0.202604
0.000010 0.000010 0.667792 0.332188
0.000010 0.000010 0.000010 0.999970
0.177152 0.022021 0.304540 0.496286
0.009089 0.000010 0.000010 0.990891
0.064413 0.025141 0.312143 0.598302
0.000010 0.000010 0.493119 0.506861
0.100785 0.191645 0.707560 0.000010
0.039879 0.022143 0.367206 0.570772
0.254361 0.081398 0.379610 0.284631
0.000010 0.000010 0.000010 0.999970
0.153617 0.023761 0.539176 0.283446
0.243399 0.577233 0.000010 0.179358
0.204328 0.547808 0.002069 0.245795
0.000010 0.000010 0.000010 0.999970
0.017035 0.030299 0.000010 0.952656
0.471012 0.260757 0.011223 0.257008
0.110670 0.428686 0.346866 0.113778
0.469010 0.530970 0.000010 0.000010
0.022416 0.000010 0.000010 0.977564
0.331379 0.000010 0.387882 0.280728
0.051844 0.100113 0.809405 0.038639
0.198852 0.801128 0.000010 0.000010
0.000010 0.644091 0.192956 0.162943
0.345615 0.654365 0.000010 0.000010
0.000010 0.000010 0.000010 0.999970
0.058490 0.474120 0.467380 0.000010
0.000010 0.000010 0.000010 0.999970
0.999970 0.000010 0.000010 0.000010
0.021082 0.003951 0.012739 0.962228
0.000010 0.000010 0.630192 0.369788
0.023121 0.011789 0.000010 0.965080
0.999970 0.000010 0.000010 0.000010
0.000010 0.999970 0.000010 0.000010
0.120216 0.012229 0.000010 0.867544
0.029027 0.000010 0.034846 0.936117
0.749043 0.000010 0.000010 0.250937
0.000010 0.984119 0.000010 0.015860
0.000010 0.999970 0.000010 0.000010
0.000010 0.000010 0.000010 0.999970
0.651587 0.148567 0.019173 0.180673
0.106490 0.893490 0.000010 0.000010
0.233282 0.470839 0.000010 0.295869
0.031526 0.379420 0.589044 0.000010
0.193230 0.778203 0.028556 0.000010
0.313338 0.004335 0.395710 0.286617
0.000010 0.106726 0.893254 0.000010
0.079764 0.478895 0.432102 0.009239
0.196025 0.090354 0.322765 0.390856
0.000010 0.227599 0.762912 0.009479
0.000010 0.000010 0.000010 0.999970
0.395923 0.604057 0.000010 0.000010
0.099291 0.433620 0.394808 0.072281
0.131028 0.006879 0.000010 0.862083
0.000010 0.000010 0.000010 0.999970
0.101094 0.000010 0.145034 0.753862
0.045890 0.000010 0.018124 0.935976
0.000010 0.000010 0.645162 0.354818
0.080659 0.000010 0.490279 0.429052
0.187709 0.292029 0.317862 0.202400
0.152688 0.547606 0.116019 0.183686
0.000010 0.008646 0.000010 0.991334
0.027985 0.025172 0.309991 0.636851
0.000010 0.000010 0.000010 0.999970
0.328541 0.671439 0.000010 0.000010
0.084826 0.905600 0.000010 0.009564
0.218056 0.000010 0.263501 0.518433
0.005689 0.000010 0.000010 0.994291
0.106269 0.465134 0.428587 0.000010
0.093805 0.589046 0.126769 0.190380
0.000010 0.000010 0.999970 0.000010
0.060604 0.222857 0.716530 0.000010
0.111113 0.066513 0.239246 0.583129
0.000010 0.971456 0.004009 0.024525
0.038958 0.580387 0.380645 0.000010
0.045211 0.000010 0.000010 0.954769
0.021760 0.695439 0.237592 0.045209
0.761815 0.177418 0.000010 0.060758
0.000010 0.000010 0.000010 0.999970
0.056912 0.887783 0.055295 0.000010
0.620925 0.307118 0.010040 0.061917
0.030579 0.636444 0.110051 0.222926
0.000010 0.999970 0.000010 0.000010
0.046979 0.000010 0.000010 0.953001
0.000855 0.000010 0.000010 0.999125
0.723636 0.000010 0.000010 0.276344
0.000010 0.999970 0.000010 0.000010
0.000010 0.999970 0.000010 0.000010
0.000010 0.000010 0.000010 0.999970
0.103892 0.673465 0.222633 0.000010
0.000010 0.638186 0.336963 0.024841
0.057762 0.839917 0.087707 0.014614
0.429798 0.474738 0.019415 0.076048
0.000010 0.999970 0.000010 0.000010
0.169355 0.064600 0.633967 0.132079
0.323750 0.488585 0.187655 0.000010
0.000010 0.828707 0.159242 0.012041
0.073509 0.926471 0.000010 0.000010
0.070764 0.577452 0.348241 0.003543
0.303989 0.480679 0.215322 0.000010
0.085912 0.830127 0.068311 0.015650
0.029023 0.230002 0.685913 0.055062
0.000010 0.976215 0.018999 0.004776
0.015677 0.984303 0.000010 0.000010
0.000010 0.511404 0.488576 0.000010
0.103325 0.088414 0.000010 0.808250
0.082699 0.481170 0.332913 0.103217
0.033044 0.966936 0.000010 0.000010
0.000010 0.000010 0.000010 0.999970
0.000010 0.090661 0.909319 0.000010
0.121937 0.878043 0.000010 0.000010
0.407706 0.589463 0.002821 0.000010
0.023871 0.028607 0.000010 0.947511
0.912245 0.087735 0.000010 0.000010
0.506223 0.008028 0.000010 0.485740
0.010498 0.000010 0.000010 0.989482
0.107753 0.252582 0.639655 0.000010
0.184571 0.533236 0.146993 0.135199
0.769190 0.055734 0.000010 0.175066
0.000010 0.017029 0.000010 0.982951
0.182626 0.232054 0.552187 0.033133
0.000010 0.000010 0.000010 0.999970
0.091266 0.359428 0.456661 0.092644
0.233273 0.005219 0.498337 0.263171
0.294659 0.056935 0.369480 0.278927
0.055782 0.064486 0.368868 0.510864
0.000010 0.000010 0.000010 0.999970
0.000010 0.000010 0.654414 0.345566
0.000010 0.999970 0.000010 0.000010
0.462290 0.537690 0.000010 0.000010
0.000010 0.000010 0.016621 0.983359
0.074184 0.019164 0.000010 0.906642
0.095326 0.400179 0.320496 0.183998
0.000010 0.000010 0.000010 0.999970
0.309111 0.690869 0.000010 0.000010
0.999970 0.000010 0.000010 0.000010
0.078180 0.428571 0.493239 0.000010
0.000010 0.000010 0.000010 0.999970
0.003178 0.517236 0.469049 0.010538
0.000010 0.000010 0.000010 0.999970
0.000010 0.000010 0.000010 0.999970
0.060762 0.422013 0.517215 0.000010
0.000010 0.000010 0.000010 0.999970
0.046701 0.744963 0.154092 0.054244
0.000010 0.993602 0.006378 0.000010
0.000010 0.000010 0.000010 0.999970
0.125284 0.874696 0.000010 0.000010
0.999970 0.000010 0.000010 0.000010
0.000010 0.000011 0.000010 0.999969
0.000010 0.087742 0.391165 0.521083
0.000010 0.010517 0.151251 0.838222
0.000010 0.087509 0.403712 0.508769
0.000010 0.003537 0.141918 0.854535
