0.412781 0.000010 0.587209
0.999980 0.000010 0.000010
0.000010 0.000010 0.999980
0.000010 0.999980 0.000010
0.429358 0.313440 0.257202
0.426101 0.266900 0.306999
0.999980 0.000010 0.000010
0.999980 0.000010 0.000010
0.041907 0.813691 0.144402
0.196816 0.803174 0.000010
0.988754 0.011236 0.000010
0.308052 0.277618 0.414330
0.241035 0.400622 0.358343
0.335245 0.000010 0.664745
0.999980 0.000010 0.000010
0.533945 0.161518 0.304537
0.999980 0.000010 0.000010
0.616663 0.070600 0.312737
0.508342 0.000010 0.491648
0.000010 0.282282 0.717708
0.580289 0.051604 0.368107
0.335977 0.282925 0.381098
0.999980 0.000010 0.000010
0.317380 0.139295 0.543325
0.212076 0.787914 0.000010
0.269150 0.725590 0.005260
0.999980 0.000010 0.000010
0.957724 0.042266 0.000010
0.341408 0.643213 0.015379
0.122245 0.528642 0.349113
0.055184 0.944806 0.000010
0.983691 0.016299 0.000010
0.345857 0.265149 0.388994
0.047060 0.142823 0.810117
0.000010 0.999980 0.000010
0.144768 0.642881 0.212352
0.023934 0.976056 0.000010
0.999980 0.000010 0.000010
0.000010 0.535604 0.464386
0.999980 0.000010 0.000010
0.168868 0.831122 0.000010
0.969002 0.018447 0.012550
0.371049 0.000010 0.628941
0.971607 0.028383 0.000010
0.218996 0.780994 0.000010
0.000010 0.999980 0.000010
0.894540 0.105450 0.000010
0.943349 0.020024 0.036628
0.387530 0.612460 0.000010
0.000010 0.999980 0.000010
0.000010 0.999980 0.000010
0.999980 0.000010 0.000010
0.315401 0.666819 0.017780
0.000010 0.999980 0.000010
0.329506 0.670484 0.000010
0.000010 0.414570 0.585420
0.002535 0.954207 0.043258
0.347013 0.259167 0.393820
0.000010 0.106641 0.893349
0.010111 0.556740 0.433149
0.426593 0.248916 0.324491
0.003351 0.227312 0.769337
0.999980 0.000010 0.000010
0.001167 0.998823 0.000010
0.078619 0.526164 0.395217
0.899604 0.100386 0.000010
0.999980 0.000010 0.000010
0.786751 0.056678 0.156571
0.950969 0.022361 0.026671
0.359368 0.000010 0.640622
0.449125 0.056028 0.494847
0.229595 0.449622 0.320783
0.196608 0.684846 0.118547
0.994257 0.005733 0.000010
0.646107 0.044421 0.309472
0.999980 0.000010 0.000010
0.000010 0.999980 0.000010
0.010382 0.989608 0.000010
0.564484 0.166340 0.269176
0.999980 0.000010 0.000010
0.000010 0.565765 0.434225
0.189206 0.678404 0.132391
0.000010 0.000010 0.999980
0.000010 0.278777 0.721213
0.604409 0.155287 0.240304
0.000010 0.970565 0.029425
0.000010 0.622378 0.377612
0.973470 0.026520 0.000010
0.032481 0.726934 0.240584
0.200996 0.798994 0.000010
0.999980 0.000010 0.000010
0.000010 0.943364 0.056626
0.171695 0.820039 0.008266
0.210886 0.676827 0.112287
0.000010 0.999980 0.000010
0.978142 0.021848 0.000010
0.999980 0.000010 0.000010
0.444121 0.555869 0.000010
0.000010 0.999980 0.000010
0.000010 0.999980 0.000010
0.999980 0.000010 0.000010
0.000010 0.775669 0.224321
0.007619 0.648692 0.343689
0.005569 0.899970 0.094461
0.142318 0.836529 0.021153
0.000010 0.997228 0.002762
0.161859 0.202679 0.635462
0.003200 0.778245 0.218555
0.000010 0.838886 0.161104
0.000010 0.999980 0.000010
0.000645 0.648110 0.351245
0.000010 0.754997 0.244993
0.009903 0.915418 0.074679
0.052358 0.258840 0.688803
0.000010 0.971258 0.028732
0.000010 0.999980 0.000010
0.000010 0.511108 0.488882
0.830445 0.169545 0.000010
0.104610 0.561395 0.333995
0.000010 0.999980 0.000010
0.999980 0.000010 0.000010
0.000010 0.082721 0.917269
0.000010 0.999980 0.000010
0.033848 0.943554 0.022598
0.954919 0.045071 0.000010
0.154624 0.845366 0.000010
0.591643 0.408347 0.000010
0.999980 0.000010 0.000010
0.000010 0.352220 0.647770
0.154375 0.696485 0.149140
0.318871 0.681119 0.000010
0.984162 0.015828 0.000010
0.061013 0.385361 0.553625
0.999980 0.000010 0.000010
0.097883 0.442255 0.459862
0.311796 0.193522 0.494683
0.340546 0.293433 0.366021
0.523322 0.106314 0.370364
0.999980 0.000010 0.000010
0.348648 0.000010 0.651342
0.000010 0.999980 0.000010
0.020943 0.979047 0.000010
0.981946 0.000010 0.018044
0.923346 0.076644 0.000010
0.189603 0.485897 0.324499
0.999980 0.000010 0.000010
0.000010 0.999980 0.000010
0.181455 0.818535 0.000010
0.000010 0.504580 0.495410
0.999980 0.000010 0.000010
0.000010 0.533089 0.466901
0.999980 0.000010 0.000010
0.999980 0.000010 0.000010
0.000010 0.481421 0.518569
0.999980 0.000010 0.000010
0.043772 0.798401 0.157827
0.000010 0.999980 0.000010
0.999980 0.000010 0.000010
0.000010 0.999980 0.000010
0.179046 0.820944 0.000010
0.999980 0.000010 0.000010
0.515603 0.082332 0.402065
0.832179 0.000010 0.167811
0.502073 0.085646 0.412281
0.845436 0.000010 0.154554
