0.411676 0.585979 0.000010 0.002325 0.000010
0.999960 0.000010 0.000010 0.000010 0.000010
0.000010 0.999959 0.000010 0.000011 0.000010
0.000010 0.000010 0.115295 0.000010 0.884675
0.393902 0.254916 0.217944 0.000010 0.133227
0.375357 0.301879 0.218814 0.017891 0.086059
0.999960 0.000010 0.000010 0.000010 0.000010
0.952708 0.000010 0.000016 0.047256 0.000010
0.000010 0.128406 0.451299 0.000010 0.420275
0.000010 0.000010 0.999960 0.000010 0.000010
0.972630 0.000010 0.027340 0.000010 0.000010
0.220043 0.404394 0.282369 0.041848 0.051345
0.177315 0.345043 0.239386 0.038183 0.200073
0.333459 0.666511 0.000010 0.000010 0.000010
0.999960 0.000010 0.000010 0.000010 0.000010
0.475065 0.296636 0.176125 0.032519 0.019655
0.976897 0.000010 0.006174 0.016909 0.000010
0.589767 0.308325 0.062024 0.015260 0.024624
0.508695 0.491275 0.000010 0.000010 0.000010
0.000010 0.686776 0.096770 0.027161 0.189284
0.574894 0.365745 0.032966 0.000010 0.026385
0.243615 0.363941 0.257745 0.057787 0.076912
0.992747 0.000010 0.000010 0.007223 0.000010
0.290032 0.535024 0.152142 0.000010 0.022792
0.180841 0.000010 0.241876 0.000010 0.577263
0.246565 0.004103 0.201177 0.000010 0.548145
0.999960 0.000010 0.000010 0.000010 0.000010
0.930124 0.000010 0.015049 0.026702 0.028115
0.259673 0.013606 0.465339 0.000010 0.261372
0.105506 0.343705 0.109997 0.014115 0.426677
0.000010 0.000010 0.469103 0.000010 0.530867
0.978178 0.000010 0.019840 0.001961 0.000010
0.282029 0.384685 0.328330 0.004947 0.000010
0.040835 0.801467 0.049137 0.009250 0.099311
0.000010 0.000010 0.199560 0.000010 0.800410
0.137091 0.184023 0.000010 0.035615 0.643261
0.000010 0.000010 0.346295 0.000010 0.653675
0.999960 0.000010 0.000010 0.000010 0.000010
0.000010 0.468308 0.062380 0.000010 0.469292
0.999960 0.000010 0.000010 0.000010 0.000010
0.000010 0.000010 0.999960 0.000010 0.000010
0.966327 0.015345 0.010020 0.000010 0.008298
0.370340 0.629622 0.000010 0.000019 0.000010
0.969039 0.000010 0.014842 0.000010 0.016099
0.000010 0.000010 0.999960 0.000010 0.000010
0.000010 0.000010 0.000010 0.000010 0.999960
0.855342 0.000010 0.113527 0.017442 0.013679
0.919922 0.032131 0.025051 0.022887 0.000010
0.253578 0.000010 0.746392 0.000010 0.000010
0.016799 0.000010 0.000010 0.000010 0.983171
0.000010 0.000010 0.000010 0.000010 0.999960
0.999960 0.000010 0.000010 0.000010 0.000010
0.183730 0.018954 0.648133 0.000010 0.149174
0.000010 0.000010 0.107341 0.000010 0.892629
0.287727 0.000010 0.232174 0.010487 0.469602
0.000010 0.591289 0.032475 0.000010 0.376215
0.000010 0.023437 0.192553 0.006674 0.777327
0.229305 0.369129 0.318679 0.082877 0.000010
0.000010 0.875266 0.000010 0.020095 0.104620
0.012765 0.430139 0.081354 0.000010 0.475732
0.378309 0.317502 0.193027 0.020588 0.090575
0.007136 0.750239 0.000010 0.015505 0.227109
0.996714 0.000010 0.000010 0.003256 0.000010
0.000010 0.000010 0.396876 0.000010 0.603094
0.071926 0.394308 0.097962 0.003852 0.431953
0.854007 0.000010 0.127657 0.009512 0.008814
0.976526 0.000010 0.000010 0.023444 0.000010
0.760501 0.146165 0.093314 0.000010 0.000010
0.936665 0.021240 0.042075 0.000010 0.000010
0.357211 0.642759 0.000010 0.000010 0.000010
0.435341 0.491555 0.073084 0.000010 0.000010
0.175029 0.307601 0.189633 0.038659 0.289078
0.181457 0.117964 0.149522 0.003983 0.547075
0.996083 0.000010 0.000010 0.000010 0.003887
0.641386 0.310626 0.019448 0.000010 0.028531
0.999960 0.000010 0.000010 0.000010 0.000010
0.000010 0.000010 0.330066 0.000010 0.669904
0.007780 0.000010 0.086496 0.001521 0.904193
0.522125 0.262108 0.215201 0.000556 0.000010
0.996522 0.000010 0.000010 0.000010 0.003448
0.000010 0.422422 0.105497 0.009345 0.462727
0.190904 0.126257 0.093732 0.001862 0.587244
0.000010 0.999960 0.000010 0.000010 0.000010
0.000010 0.716170 0.058526 0.000010 0.225283
0.584509 0.242080 0.107509 0.000010 0.065892
0.024556 0.006339 0.000010 0.000010 0.969085
0.000039 0.380272 0.042223 0.000010 0.577456
0.955966 0.000010 0.043944 0.000071 0.000010
0.048070 0.237248 0.018661 0.000010 0.696011
0.064035 0.000010 0.755050 0.000010 0.180895
0.999960 0.000010 0.000010 0.000010 0.000010
0.000010 0.056333 0.057958 0.000010 0.885689
0.064862 0.009598 0.616692 0.000010 0.308838
0.211387 0.108269 0.031742 0.014808 0.633794
0.000010 0.000010 0.000010 0.000010 0.999960
0.955870 0.000010 0.044100 0.000010 0.000010
0.989028 0.000010 0.000010 0.010942 0.000010
0.279753 0.000010 0.720217 0.000010 0.000010
0.000010 0.000010 0.000010 0.000010 0.999960
0.000010 0.000010 0.000010 0.000010 0.999960
0.999960 0.000010 0.000010 0.000010 0.000010
0.000010 0.224478 0.105410 0.000010 0.670093
0.027297 0.337452 0.000010 0.000010 0.635231
0.015578 0.087590 0.058064 0.000010 0.838757
0.077624 0.019158 0.428570 0.000010 0.474638
0.000010 0.000010 0.000010 0.003513 0.996457
0.128360 0.628800 0.167552 0.011281 0.064006
0.000010 0.186515 0.326271 0.000010 0.487194
0.007303 0.155129 0.000010 0.009480 0.828077
0.000010 0.000010 0.073315 0.000010 0.926655
0.002085 0.347741 0.071894 0.004712 0.573567
0.000010 0.214035 0.305996 0.000010 0.479949
0.010478 0.064459 0.086358 0.008755 0.829950
0.040230 0.676883 0.027399 0.028484 0.227004
0.004787 0.020231 0.000010 0.000010 0.974963
0.000010 0.000010 0.018224 0.000010 0.981746
0.000010 0.489019 0.000010 0.000010 0.510951
0.796762 0.000010 0.102742 0.014120 0.086365
0.106330 0.334733 0.079162 0.000010 0.479765
0.000010 0.000010 0.033649 0.000010 0.966321
0.999960 0.000010 0.000010 0.000010 0.000010
0.000010 0.879617 0.000010 0.032027 0.088335
0.000010 0.000010 0.124391 0.000010 0.875579
0.000010 0.000010 0.408548 0.002233 0.589199
0.949101 0.000010 0.022097 0.000010 0.028782
0.000010 0.000010 0.912468 0.000010 0.087502
0.490399 0.000010 0.498898 0.000010 0.010683
0.991792 0.000010 0.008178 0.000010 0.000010
0.000010 0.642736 0.106459 0.000010 0.250785
0.137360 0.148035 0.183449 0.000010 0.531145
0.177971 0.000010 0.763417 0.000010 0.058592
0.972660 0.000010 0.000010 0.009051 0.018269
0.010524 0.542736 0.185550 0.033292 0.227898
0.999960 0.000010 0.000010 0.000010 0.000010
0.093915 0.456091 0.089834 0.002163 0.357997
0.252456 0.488746 0.231435 0.022757 0.004606
0.232414 0.351811 0.295369 0.065281 0.055125
0.513993 0.369461 0.044618 0.001168 0.070760
0.999960 0.000010 0.000010 0.000010 0.000010
0.347273 0.652697 0.000010 0.000010 0.000010
0.000010 0.000010 0.000010 0.000010 0.999960
0.000010 0.000010 0.460531 0.000010 0.539439
0.983838 0.016132 0.000010 0.000010 0.000010
0.911268 0.000010 0.065339 0.000010 0.023373
0.187800 0.319885 0.095116 0.000010 0.397189
0.999960 0.000010 0.000010 0.000010 0.000010
0.000010 0.000010 0.309952 0.000010 0.690018
0.000011 0.000010 0.999959 0.000010 0.000010
0.000010 0.497220 0.079244 0.000010 0.423517
0.983881 0.000010 0.000010 0.016089 0.000010
0.010713 0.466783 0.006932 0.004128 0.511445
0.999960 0.000010 0.000010 0.000010 0.000010
0.999960 0.000010 0.000010 0.000010 0.000010
0.000453 0.514640 0.061419 0.005142 0.418347
0.997086 0.000010 0.000010 0.002884 0.000010
0.019465 0.143760 0.052866 0.042405 0.741504
0.000010 0.008144 0.000010 0.000010 0.991826
0.999956 0.000010 0.000010 0.000014 0.000010
0.000010 0.000010 0.126391 0.000010 0.873579
0.000010 0.000010 0.999960 0.000010 0.000010
0.980327 0.000010 0.000010 0.019643 0.000010
0.000010 0.000010 0.000010 0.999960 0.000010
0.000010 0.000010 0.000010 0.999960 0.000010
0.000010 0.206455 0.000010 0.793515 0.000010
0.000010 0.000010 0.000011 0.999959 0.000010
